acc = 0.6150870406189555
col_f1 = 0.8446195518345235
col_p = 0.8741080530071356
col_r = 0.8170557408289661
linking_loss = None
loss = None
sql_loss = None
tbl_f1 = 0.8659311267134736
tbl_p = 0.8587533156498673
tbl_r = 0.8732299393122049
val_f1 = 0.7753765553372626
val_p = 0.7903871829105474
val_r = 0.7609254498714653
